45
66
2
1239812712389162731703610962332932079197391723919731290731073120091732073193817923931869361923623917329719241274713418203741397103280742917387014927307417423
1
42
0
-7
123456789012345678901234567890
99999999999999999999999999999999999999
-1000000000000000000000000000000000
45
66
2
1239812712389162731703610962332932079197391723919731290731073120091732073193817923931869361923623917329719241274713418203741397103280742917387014927307417423
1
42
0
-7
123456789012345678901234567890
99999999999999999999999999999999999999
-1000000000000000000000000000000000
45
66
2
1239812712389162731703610962332932079197391723919731290731073120091732073193817923931869361923623917329719241274713418203741397103280742917387014927307417423
1
42
0
-7
123456789012345678901234567890
99999999999999999999999999999999999999
-1000000000000000000000000000000000
